  20 100  81  50   0   0   0 0
  20 440 112  67   0   0   0 0
  20 460 116  64   0   0   0 0
  40 300  94  69   0   0   0 0
  40 340 130  66   0   0   0 0
  40 400 108  92   0   0   0 0
  60  40  69  86   0   0   0 0
  60 180  71  59   0   0   0 0
  60 300 107  86   0   0   0 0
  80  40  73  86   0   0   0 0
  80 180  98  97   0   0   0 0
  80 240 149  59   0   0   0 0
  80 360 154  74   0   0   0 0
  80 380 139  70   0   0   0 0
 100 440 154  83   0   0   0 0
 120 280  66  59   0   0   0 0
 140  60  94  92   0   0   0 0
 140 360 178  53   0   0   0 0
 160  20 112  92   0   0   0 0
 160 140 154  52   0   0   0 0
 160 500 117  63   0   0   0 0
 180 240 199  60   0   0   0 0
 180 320 123  91   0   0   0 0
 180 340 138  53   0   0   0 0
 180 460 105  53   0   0   0 0
 200  40 135  82   0   0   0 0
 200 300 123  51   0   0   0 0
 200 320 150  92   0   0   0 0
 220 320 157  98   0   0   0 0
 220 480 123  75   0   0   0 0
 220 500  98  84   0   0   0 0
 240 120 182  70   0   0   0 0
 240 180 176  80   0   0   0 0
 240 500  90  64   0   0   0 0
 260 100 156  98   0   0   0 0
 260 220 192  85   0   0   0 0
 260 380 139  56   0   0   0 0
 280 300 178  97   0   0   0 0
 280 400 145  56   0   0   0 0
 280 420 107  82   0   0   0 0
 280 500  88  91   0   0   0 0
 300  80 123  78   0   0   0 0
 300 360 146  55   0   0   0 0
 320 420  86  78   0   0   0 0
 320 500  77  63   0   0   0 0
 340  80 160  66   0   0   0 0
 340 300 169  75   0   0   0 0
 340 500  96  79   0   0   0 0
 360  20 113  87   0   0   0 0
 360  80 169  67   0   0   0 0
 360 440  98  94   0   0   0 0
 380 340 145  90   0   0   0 0
 400 340 146  70   0   0   0 0
 400 400 126  58   0   0   0 0
 420  60 105  91   0   0   0 0
 420 140 181  66   0   0   0 0
 440  60 126  55   0   0   0 0
 440  80 163  88   0   0   0 0
 440 160 165  83   0   0   0 0
 440 220 141  75   0   0   0 0
 440 380 114  70   0   0   0 0
 460 300  78  65   0   0   0 0
 460 340  80  74   0   0   0 0
 480  20 109  89   0   0   0 0
 500  80  97  72   0   0   0 0
 500 200  78  57   0   0   0 0
 500 300  96  51   0   0   0 0
 500 500  76  80   0   0   0 0
  20 200  82   0  67   0   0 0
  20 320 106   0  88   0   0 0
  20 480  98   0  51   0   0 0
  40 100  81   0  79   0   0 0
  40 120  80   0  94   0   0 0
  40 440 100   0  66   0   0 0
  40 480  72   0  59   0   0 0
  60  20  87   0  53   0   0 0
  60 240 126   0  83   0   0 0
  60 320 113   0  69   0   0 0
  60 360 145   0  96   0   0 0
  80 220 123   0  72   0   0 0
  80 440 121   0  93   0   0 0
 100 100 120   0  69   0   0 0
 100 300 103   0  73   0   0 0
 100 380 157   0  69   0   0 0
 100 420 186   0  50   0   0 0
 120 300  91   0  66   0   0 0
 120 480 152   0  61   0   0 0
 120 500 114   0  82   0   0 0
 140 100 118   0  61   0   0 0
 140 320 102   0  88   0   0 0
 160  80 114   0  77   0   0 0
 160 320  93   0  81   0   0 0
 180  60 116   0  74   0   0 0
 180  80 124   0  68   0   0 0
 200  20 109   0  52   0   0 0
 200 160 139   0  93   0   0 0
 220  80 163   0  80   0   0 0
 220 200 172   0  88   0   0 0
 240 100 143   0  58   0   0 0
 240 140 174   0  83   0   0 0
 240 200 183   0  53   0   0 0
 300  40 107   0  55   0   0 0
 300 140 192   0  65   0   0 0
 320 260 191   0  95   0   0 0
 320 320 132   0  59   0   0 0
 320 360 138   0  90   0   0 0
 320 480  77   0  69   0   0 0
 340 120 185   0  58   0   0 0
 360 100 178   0  96   0   0 0
 380  40 160   0  90   0   0 0
 380  60 157   0  75   0   0 0
 380 320 180   0  70   0   0 0
 400 380 153   0  50   0   0 0
 400 500  72   0  63   0   0 0
 420 240 177   0  90   0   0 0
 420 400  96   0  69   0   0 0
 480 220  91   0  55   0   0 0
 480 240  61   0  95   0   0 0
 500 340  77   0  70   0   0 0
  40 380 118   0   0  20 200 0
 120 260  80   0   0  20 320 0
  80 340 121   0   0  20 480 0
  60 200 106   0   0  40 100 0
 100  40  99   0   0  40 120 0
  60 400 112   0   0  40 440 0
 180 420 156   0   0  40 480 0
  40 160  62   0   0  60  20 0
 120 220 125   0   0  60 240 0
 140 200 125   0   0  60 320 0
 180 280 137   0   0  60 360 0
 240 160 149   0   0  80 220 0
  80 260 157   0   0  80 440 0
 260  60 109   0   0 100 100 0
 100 320 115   0   0 100 300 0
 240 360 178   0   0 100 380 0
  60 340 135   0   0 100 420 0
 120 240 101   0   0 120 300 0
 260 500  88   0   0 120 480 0
 240 460 119   0   0 120 500 0
 280 100 167   0   0 140 100 0
 320 300 153   0   0 140 320 0
  40  80  86   0   0 160  80 0
 300 380 129   0   0 160 320 0
 320  60  98   0   0 180  60 0
 200 100 149   0   0 180  80 0
  80  20  63   0   0 200  20 0
 320 120 172   0   0 200 160 0
 340  20 105   0   0 220  80 0
 380 240 182   0   0 220 200 0
 160  40 127   0   0 240 100 0
 160 160 169   0   0 240 140 0
 140 240 124   0   0 240 200 0
 440 140 150   0   0 300  40 0
 480 160 129   0   0 300 140 0
 340 400 143   0   0 320 260 0
 440 300 101   0   0 320 320 0
 400 320 141   0   0 320 360 0
 360 400 117   0   0 320 480 0
 500 100  99   0   0 340 120 0
 300 200 182   0   0 360 100 0
 260  20 100   0   0 380  40 0
 280  60 104   0   0 380  60 0
 500 380  97   0   0 380 320 0
 400 300 164   0   0 400 380 0
 420 500  73   0   0 400 500 0
 380  80 194   0   0 420 240 0
 340 440  95   0   0 420 400 0
 340 140 171   0   0 480 220 0
 420 360 153   0   0 480 240 0
 360 320 178   0   0 500 340 0
  20  40  93   0   0   0   0 0
  20 500  74   0   0   0   0 0
 500  20  86   0   0   0   0 0
  60 120  61   0   0   0   0 0
  80 160  65   0   0   0   0 0
 140 180 117   0   0   0   0 0
 120  80  83   0   0   0   0 0
 200 420 133   0   0   0   0 0
 240  20  98   0   0   0   0 0
 420  20  90   0   0   0   0 0
 280  40 106   0   0   0   0 0
 320 440  66   0   0   0   0 0
 160 340 105   0   0   0   0 0
  20 220  88   0   0   0   0 0
 120 100 104   0   0   0   0 0
 180 260 175   0   0   0   0 0
 140 140 170   0   0   0   0 0
 240 420  94   0   0   0   0 0
 180 220 176   0   0   0   0 0
 160 360 149   0   0   0   0 0
 220 140 167   0   0   0   0 0
 220 300 150   0   0   0   0 0
 500  40  79   0   0   0   0 0
 440  20  62   0   0   0   0 0
 100 240 139   0   0   0   0 0
 480  80 141   0   0   0   0 0
 100  20  95   0   0   0   0 0
 140 260 112   0   0   0   0 0
 120 460 176   0   0   0   0 0
  40  20  88   0   0   0   0 0
 220 100 166   0   0   0   0 0
 180 440 129   0   0   0   0 0
 180 120 127   0   0   0   0 0
  60  60  73   0   0   0   0 0
 440 280 114   0   0   0   0 0
 100 160 111   0   0   0   0 0
 300 500  82   0   0   0   0 0
 200 200 178   0   0   0   0 0
  20 140  70   0   0   0   0 0
 280 460 101   0   0   0   0 0
 220  60 169   0   0   0   0 0
 320  40  98   0   0   0   0 0
 260 360 177   0   0   0   0 0
 220  40 149   0   0   0   0 0
 360 340 161   0   0   0   0 0
 440 360 136   0   0   0   0 0
  80 460 127   0   0   0   0 0
 440 320  63   0   0   0   0 0
 320 460  63   0   0   0   0 0
 320  80 151   0   0   0   0 0
  80  80  90   0   0   0   0 0
 480 200  85   0   0   0   0 0
 180 160 144   0   0   0   0 0
 240 340 172   0   0   0   0 0
 160 240 157   0   0   0   0 0
  40  40  95   0   0   0   0 0
 400  20 123   0   0   0   0 0
 260 340 192   0   0   0   0 0
  80 280 118   0   0   0   0 0
 340 180 192   0   0   0   0 0
 280 360 140   0   0   0   0 0
 420 260 147   0   0   0   0 0
 460 120 147   0   0   0   0 0
 360 120 173   0   0   0   0 0
 400 200 186   0   0   0   0 0
 420 100 179   0   0   0   0 0
 440 100 180   0   0   0   0 0
 400  80 157   0   0   0   0 0
 380  20 113   0   0   0   0 0
 120 320 111   0   0   0   0 0
 300 180 180   0   0   0   0 0
 120 180 112   0   0   0   0 0
  40 240 121   0   0   0   0 0
 120 160 122   0   0   0   0 0
 200 280 147   0   0   0   0 0
 400 360 163   0   0   0   0 0
 220 160 143   0   0   0   0 0
 460  40  85   0   0   0   0 0
 420 220 159   0   0   0   0 0
 220 440  89   0   0   0   0 0
 200 260 199   0   0   0   0 0
  60 280 130   0   0   0   0 0
  80 120  91   0   0   0   0 0
 260 440 115   0   0   0   0 0
 220 280 148   0   0   0   0 0
 260 320 188   0   0   0   0 0
  40 320 118   0   0   0   0 0
 200 120 123   0   0   0   0 0
 240 380 145   0   0   0   0 0
 260 140 196   0   0   0   0 0
 160 420 164   0   0   0   0 0
  60 260 145   0   0   0   0 0
 220 380 119   0   0   0   0 0
 300 480  91   0   0   0   0 0
 240  40 131   0   0   0   0 0
 220 460  97   0   0   0   0 0
 140 300  96   0   0   0   0 0
  20  80  90   0   0   0   0 0
 200 140 141   0   0   0   0 0
 260 200 192   0   0   0   0 0
 340 380 158   0   0   0   0 0
 100 480 149   0   0   0   0 0
 440 340 118   0   0   0   0 0
 460 240 107   0   0   0   0 0
 100 220 100   0   0   0   0 0
  60 220 129   0   0   0   0 0
 380 440  75   0   0   0   0 0
 420 300 142   0   0   0   0 0
 320 140 196   0   0   0   0 0
 380 400 123   0   0   0   0 0
 140  80 112   0   0   0   0 0
 340  40 112   0   0   0   0 0
 240 240 193   0   0   0   0 0
 260  40 125   0   0   0   0 0
 260  80 119   0   0   0   0 0
 400  60 139   0   0   0   0 0
 300 280 167   0   0   0   0 0
 360 160 183   0   0   0   0 0
 220 180 154   0   0   0   0 0
 140 120 154   0   0   0   0 0
 420 280 152   0   0   0   0 0
 340  60 125   0   0   0   0 0
  20 260 104   0   0   0   0 0
 300 220 199   0   0   0   0 0
 260 180 171   0   0   0   0 0
 320 400 139   0   0   0   0 0
 100 340 120   0   0   0   0 0
 260 120 193   0   0   0   0 0
 320 100 186   0   0   0   0 0
 260 420  91   0   0   0   0 0
 360 480  90   0   0   0   0 0
 200 440 100   0   0   0   0 0
 480 500  80   0   0   0   0 0
 160 460 164   0   0   0   0 0
 220 360 164   0   0   0   0 0
 300 340 127   0   0   0   0 0
  20 340  98   0   0   0   0 0
  80 500 105   0   0   0   0 0
 280 340 147   0   0   0   0 0
 160  60 110   0   0   0   0 0
 160 400 172   0   0   0   0 0
 220 400 104   0   0   0   0 0
 280 320 170   0   0   0   0 0
 460 360 101   0   0   0   0 0
 360 220 195   0   0   0   0 0
 120  60  77   0   0   0   0 0
 200 380 120   0   0   0   0 0
 340 280 186   0   0   0   0 0
 480 380 120   0   0   0   0 0
 180 140 142   0   0   0   0 0
 480 180  93   0   0   0   0 0
 240 400 111   0   0   0   0 0
 380 460  78   0   0   0   0 0
  60 480 102   0   0   0   0 0
 500  60  81   0   0   0   0 0
 100  60  76   0   0   0   0 0
 260 160 185   0   0   0   0 0
 340 320 172   0   0   0   0 0
 460 500  72   0   0   0   0 0
 380 380 129   0   0   0   0 0
  40 260 130   0   0   0   0 0
 480 340  77   0   0   0   0 0
 120 200 123   0   0   0   0 0
 380 220 184   0   0   0   0 0
  80 420 140   0   0   0   0 0
 220 420  91   0   0   0   0 0
  40 500  74   0   0   0   0 0
 500 360  92   0   0   0   0 0
 160 280 108   0   0   0   0 0
 440  40  96   0   0   0   0 0
 220 340 177   0   0   0   0 0
 100 260 117   0   0   0   0 0
 420 160 164   0   0   0   0 0
 160 480 146   0   0   0   0 0
 260 480  99   0   0   0   0 0
 180 500 107   0   0   0   0 0
 160 120 147   0   0   0   0 0
 480 360  95   0   0   0   0 0
 140 460 172   0   0   0   0 0
 300 120 186   0   0   0   0 0
 160 260 160   0   0   0   0 0
 140 440 165   0   0   0   0 0
 500 160  91   0   0   0   0 0
 340 340 166   0   0   0   0 0
 160 440 142   0   0   0   0 0
 120 120 152   0   0   0   0 0
 380 360 131   0   0   0   0 0
 480 100 138   0   0   0   0 0
  20  20  93   0   0   0   0 0
 260 240 195   0   0   0   0 0
 300 160 192   0   0   0   0 0
 420 320 108   0   0   0   0 0
 440 240 150   0   0   0   0 0
  80 480 141   0   0   0   0 0
 400 160 170   0   0   0   0 0
 220  20 111   0   0   0   0 0
 160 220 165   0   0   0   0 0
  80 140  63   0   0   0   0 0
 140  20 115   0   0   0   0 0
 400 240 179   0   0   0   0 0
 420 200 180   0   0   0   0 0
 200  80 144   0   0   0   0 0
 440 120 176   0   0   0   0 0
 200 340 157   0   0   0   0 0
 120 440 172   0   0   0   0 0
 460 180 130   0   0   0   0 0
 420  40 117   0   0   0   0 0
 200 480 119   0   0   0   0 0
  20 300 105   0   0   0   0 0
 440 200 137   0   0   0   0 0
 480 440  81   0   0   0   0 0
 460 200 107   0   0   0   0 0
  40 140  62   0   0   0   0 0
  60 100  92   0   0   0   0 0
 320  20 104   0   0   0   0 0
 460 260  83   0   0   0   0 0
 460 100 172   0   0   0   0 0
 200 360 141   0   0   0   0 0
 480  60 105   0   0   0   0 0
 100 400 148   0   0   0   0 0
 120 340 138   0   0   0   0 0
 360 280 189   0   0   0   0 0
 280  80 116   0   0   0   0 0
 200 460  86   0   0   0   0 0
 400 180 170   0   0   0   0 0
 120  20 101   0   0   0   0 0
  40 280 115   0   0   0   0 0
 460 140 144   0   0   0   0 0
 420 380 123   0   0   0   0 0
 180 380 121   0   0   0   0 0
 440 180 163   0   0   0   0 0
 140 420 196   0   0   0   0 0
 500 220  89   0   0   0   0 0
 400 280 189   0   0   0   0 0
 320 380 150   0   0   0   0 0
 200 500 105   0   0   0   0 0
 420  80 131   0   0   0   0 0
 420 340 125   0   0   0   0 0
 460 380 102   0   0   0   0 0
 500 420  83   0   0   0   0 0
 100 200  93   0   0   0   0 0
 480 140 127   0   0   0   0 0
 360  60 127   0   0   0   0 0
 200 180 171   0   0   0   0 0
 500 120 104   0   0   0   0 0
 380 160 193   0   0   0   0 0
 100 140 109   0   0   0   0 0
 380 480  93   0   0   0   0 0
 280  20 104   0   0   0   0 0
 140 280  89   0   0   0   0 0
 300 440  78   0   0   0   0 0
 240 440 107   0   0   0   0 0
 400  40 144   0   0   0   0 0
 120  40 105   0   0   0   0 0
 300  20  95   0   0   0   0 0
 440 260 130   0   0   0   0 0
  80 300 130   0   0   0   0 0
  20 400 108   0   0   0   0 0
 500 280 107   0   0   0   0 0
  60 460 112   0   0   0   0 0
 340 420 111   0   0   0   0 0
  60 420 119   0   0   0   0 0
  40 220  97   0   0   0   0 0
 480  40  78   0   0   0   0 0
 240  80 121   0   0   0   0 0
 140 220 138   0   0   0   0 0
  20 240 102   0   0   0   0 0
 500 400 101   0   0   0   0 0
 460 280  81   0   0   0   0 0
 180 100 115   0   0   0   0 0
 280 180 164   0   0   0   0 0
 360 500  75   0   0   0   0 0
 100  80  93   0   0   0   0 0
 160 380 164   0   0   0   0 0
 380 500  97   0   0   0   0 0
 480 280  73   0   0   0   0 0
 300 460  85   0   0   0   0 0
 180 200 159   0   0   0   0 0
  80 100 103   0   0   0   0 0
 460 160 165   0   0   0   0 0
 300 420 110   0   0   0   0 0
 320 280 152   0   0   0   0 0
 500 140 104   0   0   0   0 0
 460 320  79   0   0   0   0 0
  60 380 142   0   0   0   0 0
 240 320 191   0   0   0   0 0
 240 480 117   0   0   0   0 0
  20 280  97   0   0   0   0 0
  40 200  71   0   0   0   0 0
  60 440 119   0   0   0   0 0
 480 320 106   0   0   0   0 0
 240 300 181   0   0   0   0 0
 340 360 159   0   0   0   0 0
 100 120 120   0   0   0   0 0
 480 120 107   0   0   0   0 0
 100 360 131   0   0   0   0 0
 340 480  91   0   0   0   0 0
 460  60  98   0   0   0   0 0
 300 300 155   0   0   0   0 0
 360 180 196   0   0   0   0 0
 300 100 158   0   0   0   0 0
  20 360  96   0   0   0   0 0
 280 200 189   0   0   0   0 0
 460 220 111   0   0   0   0 0
 200  60 146   0   0   0   0 0
 300 400 129   0   0   0   0 0
 280 380 145   0   0   0   0 0
  40 360 118   0   0   0   0 0
 460  80 147   0   0   0   0 0
 400 480  76   0   0   0   0 0
 180  40 124   0   0   0   0 0
 500 480  65   0   0   0   0 0
  20 420  94   0   0   0   0 0
  60  80  93   0   0   0   0 0
 120 360 172   0   0   0   0 0
 320 340 158   0   0   0   0 0
 180 480 116   0   0   0   0 0
  80 320 107   0   0   0   0 0
 500 180  81   0   0   0   0 0
 100 460 126   0   0   0   0 0
 260 400  99   0   0   0   0 0
 480 400  82   0   0   0   0 0
 140 480 155   0   0   0   0 0
 120 140 153   0   0   0   0 0
 300 320 144   0   0   0   0 0
 360 380 118   0   0   0   0 0
 100 180  97   0   0   0   0 0
 360 360 147   0   0   0   0 0
 360  40 120   0   0   0   0 0
 460  20  86   0   0   0   0 0
  20 380 115   0   0   0   0 0
  80 400 131   0   0   0   0 0
  40  60  97   0   0   0   0 0
 160 200 133   0   0   0   0 0
 400 420  86   0   0   0   0 0
 380 260 194   0   0   0   0 0
  60 500  98   0   0   0   0 0
 220 120 159   0   0   0   0 0
 400 220 183   0   0   0   0 0
 280 160 195   0   0   0   0 0
  20  60  95   0   0   0   0 0
 300  60  89   0   0   0   0 0
  40 460 108   0   0   0   0 0
  40 420  86   0   0   0   0 0
  80  60  71   0   0   0   0 0
 240 220 187   0   0   0   0 0
 160 180 137   0   0   0   0 0
 140 160 143   0   0   0   0 0
 280 480 117   0   0   0   0 0
  80 200 112   0   0   0   0 0
 280 440  83   0   0   0   0 0
 340 460 107   0   0   0   0 0
 480 420  79   0   0   0   0 0
  20 160  86   0   0   0   0 0
 160 300 106   0   0   0   0 0
 140 500 122   0   0   0   0 0
 140 340 139   0   0   0   0 0
 340 160 188   0   0   0   0 0
 480 300  98   0   0   0   0 0
 100 280  99   0   0   0   0 0
 100 500 113   0   0   0   0 0
 260 300 197   0   0   0   0 0
 360 460 102   0   0   0   0 0
 400 260 164   0   0   0   0 0
 160 100 103   0   0   0   0 0
 180  20 122   0   0   0   0 0
 360 420 109   0   0   0   0 0
 240  60 143   0   0   0   0 0
 360 140 164   0   0   0   0 0
 340 100 177   0   0   0   0 0
 140  40 109   0   0   0   0 0
 500 240  68   0   0   0   0 0
 180 360 141   0   0   0   0 0
 260 460 114   0   0   0   0 0
 180 180 164   0   0   0   0 0
 180 400 148   0   0   0   0 0
 200 400 115   0   0   0   0 0
 420 120 195   0   0   0   0 0
 500 320  99   0   0   0   0 0
 380 420 110   0   0   0   0 0
 500 440  70   0   0   0   0 0
 180 300 129   0   0   0   0 0
 420 180 180   0   0   0   0 0
